from .base_task import Base_task
from .utils import *
import sapien
import random

class classify_tactile(Base_task):

    def setup_demo(self,**kwags):
        super()._init(**kwags)
        self.create_table_and_wall()
        self.load_robot(**kwags)
        self.load_camera(**kwags)
        self.pre_move()
        self.load_actors()
        if self.messy_table:
            self.get_messy_table()
        self.step_lim = 400


    def pre_move(self):
        print('running pre_move')        
        render_freq = self.render_freq
        self.render_freq=0
        self.vsensors.set_force_disable(True)
        self.together_open_gripper(left_pos=1, right_pos=1, save_freq=None)
        self.vsensors.set_force_disable(False)
        self.vsensors.set_tactile_status(True)
        self.render_freq = render_freq
        print('finish pre_move')

    def load_actors(self):
        self.base_scale = 1.
        
        self.lr = -1 if random.randint(0, 1) == 0 else 1
        self.tag = random.randint(0, 1)
        if self.tag == 0:
            self.box = create_box(
                scene=self.scene,
                pose = sapien.Pose([self.lr*0.11, 0.037, 0.782], [1, 0, 0, 0]),
                half_size=(0.02, 0.02, 0.04),
                color=(0, 0, 0),
                name='box',
            )
            self.base = self.box
        else:
            self.prism, _ = create_actor(
                scene=self.scene,
                pose = sapien.Pose([self.lr*0.11, 0.037, 0.782], [1, 0, 0, 0]),
                modelname="prism",
                convex=False,
                scale=(0.02, 0.02, 0.01)
            )
            self.base = self.prism
        
        self.coaster_A = create_box(
            scene=self.scene,
            pose=sapien.Pose([self.lr*-0.1, -0.035, 0.743], [0, 1, 0, 0]),
            half_size=(0.03, 0.03, 0.002),
            color=(0.5, 0.2, 0.2),
            is_static=True
        )
        
        self.coaster_B = create_box(
            scene=self.scene,
            pose=sapien.Pose([self.lr*-0.1, 0.085, 0.743], [0, 1, 0, 0]),
            half_size=(0.03, 0.03, 0.002),
            color=(0.2, 0.5, 0.2),
            is_static=True
        )

    def play_once(self):
        self.init_base_mat = np.array([[1.0, 0.0, 0.0, 0.10000000149011612], [0.0, 1.0, 0.0, 0.03700000047683716], [0.0, 0.0, 1.0, 0.7820000052452087], [0.0, 0.0, 0.0, 1.0]])
        if self.lr == -1:
            self.init_base_mat = np.array([[1.0, 0.0, 0.0, -0.10999999940395355], [0.0, 1.0, 0.0, 0.03700000047683716], [0.0, 0.0, 1.0, 0.7820000052452087], [0.0, 0.0, 0.0, 1.0]])
            seq = [
                {
                    'd': 'load tactile sensor',
                    'load': ['lr_tactile', 'll_tactile']
                },
                {
                    'd': 'move left arm to position',
                    'lb': [[0.9999981570651764, -0.0019198609977999967, -0.0, -0.1410951167345047], [0.0019198609977999967, 0.9999981570651764, 0.0, -0.003186069428920746], [0.0, -0.0, 1.0, 0.026410460472106934], [0.0, 0.0, 0.0, 1.0]], 
                },
                {
                    'd': 'close left gripper',
                    'cl': 0.297 if self.tag == 1 else 0.298
                },
                {
                    'd': 'move left arm to position',
                    'lb': [[0.8504440407458637, -0.5260654672582056, -0.00024024623569694775, 0.0804656445980072], [0.5260654931642127, 0.8504440567707351, 5.661473875466399e-05, -0.03104817308485508], [0.0001745329243133368, -0.00017453292165504837, 0.9999999695382584, 0.08337879180908203], [0.0, 0.0, 0.0, 1.0]] if self.tag == 1 else [[0.9999984769132877, -0.0017453283658983088, -0.0, 0.07167620956897736], [0.0017453283658983088, 0.9999984769132877, 0.0, -0.07183795422315598], [0.0, -0.0, 1.0, 0.08145511150360107], [0.0, 0.0, 0.0, 1.0]], 
                },
                {
                    'd': 'open left gripper',
                    'cl': 0.5
                },
            ]
        else:
            seq = [
                {
                    'd': 'load tactile sensor',
                    'load': ['rr_tactile', 'rl_tactile']
                },
                {
                    'd': 'load tactile sensor',
                    'rb': [[-1.0, 0, 0.0, 0.12509621262550354], [0, -1.0, 0.0, -0.0108866635710001], [0.0, 0.0, 1.0, 0.013461291790008545], [0.0, 0.0, 0.0, 1.0]], 
                },
                {
                    'd': 'move right arm to position',
                    'cr': 0.298 if self.tag == 1 else 0.298
                },
                {
                    'd': 'move right arm to position',
                    'rb': [[-0.8804757308467858, -0.47408164006479003, -0.0030142898495940495, -0.08460851013660431], [0.4740873353334464, -0.8804764621479363, -0.0015485735004601192, -0.01659776270389557], [-0.0019198609977999967, -0.0027925180273042863, 0.9999942579719228, 0.025996763706207275], [0.0, 0.0, 0.0, 1.0]] if self.tag == 1 else [[-0.9999537442559763, -0.009419240667314303, -0.0019460867670529716, -0.07057768106460571], [0.009424621064149619, -0.9999517387095832, -0.0027743052245191653, -0.07187686860561371], [-0.0019198609977999967, -0.0027925180273042863, 0.9999942579719228, 0.02694016695022583], [0.0, 0.0, 0.0, 1.0]], 
                },
                {
                    'd': 'open right gripper',
                    'cr': 0.5
                },
            ]

        for i in range(len(seq)):
            s:dict = seq[i]
            
            lp, rp = None, None
            if s.get('lb'):
                init_base_mat = s.get('base', self.init_base_mat)
                lp = Point.pose2list(Point.trans_base(self.base.get_pose().to_transformation_matrix(), init_base_mat, s['lb'], self.base_scale))
            elif s.get('le'):
                lp = eval(s['le'])
            
            if s.get('rb'):
                init_base_mat = s.get('base', self.init_base_mat)
                rp = Point.pose2list(Point.trans_base(self.base.get_pose().to_transformation_matrix(), init_base_mat, s['rb'], self.base_scale))
            elif s.get('re'):
                rp = eval(s['re'])
            
            if lp is not None and rp is not None:
                self.together_move_to_pose(lp, rp)
            else:
                if lp is not None:
                    self.left_move_to_pose(lp)
                if rp is not None:
                    self.right_move_to_pose(rp)
            
            if s.get('cl') and s.get('cr'):
                self.together_close_gripper(left_pos=s['cl'], right_pos=s['cr'])
            else:
                if s.get('cl'):
                    self.close_left_gripper(pos=s['cl'])
                if s.get('cr'):
                    self.close_right_gripper(pos=s['cr'])
    
    def stage_reward(self):
        var = 0.03
        center = self.coaster_A.get_pose().p if self.tag == 0 else self.coaster_B.get_pose().p
        base_pose = self.base.get_pose().p
        v1 = self.base.get_pose().to_transformation_matrix()[:3, :3] @ np.array([0, 0, 1])
        cos = np.dot(v1, np.array([0, 0, 1])) / np.linalg.norm(v1)
        return not self.ipc_fail and center[0]-var <= base_pose[0] <= center[0]+var and center[1]-var <= base_pose[1] <= center[1]+var and center[2] <= 0.79 and cos > 0.9

    def check_success(self):
        var = 0.03
        center = self.coaster_A.get_pose().p if self.tag == 0 else self.coaster_B.get_pose().p
        base_pose = self.base.get_pose().p
        v1 = self.base.get_pose().to_transformation_matrix()[:3, :3] @ np.array([0, 0, 1])
        cos = np.dot(v1, np.array([0, 0, 1])) / np.linalg.norm(v1)
        return not self.ipc_fail and center[0]-var <= base_pose[0] <= center[0]+var and center[1]-var <= base_pose[1] <= center[1]+var and center[2] <= 0.79 and np.abs(cos) > 0.9